11
7
3 4 5 6 7 8 9
5
5 6 1 3 4
8
12 13 18 20 27 3 4 6
5
4 5 1 2 3
275
242 244 245 250 253 256 258 259 265 268 277 278 279 284 287 311 314 320 325 328 329 331 332 341 344 353 361 365 366 368 370 371 377 381 382 387 388 392 393 397 409 416 419 427 429 433 434 435 436 440 443 444 448 450 453 455 459 461 466 473 475 478 482 484 487 488 490 491 493 496 498 502 504 509 518 524 526 529 530 533 535 536 539 541 545 546 548 550 553 557 561 578 579 583 584 585 587 591 595 596 599 600 606 608 609 611 612 613 615 616 621 634 635 644 648 649 650 651 652 662 669 671 673 678 681 682 684 693 698 701 703 704 714 717 719 723 724 728 736 742 743 751 755 757 760 762 763 765 767 771 777 780 781 784 786 788 790 791 792 794 795 806 807 808 811 813 814 822 824 827 829 831 834 835 838 841 842 851 852 855 857 861 863 866 868 870 872 875 878 882 883 891 892 893 900 902 903 905 909 911 913 920 925 926 927 929 932 933 939 946 949 951 955 959 968 970 972 973 975 980 983 991 992 7 9 12 13 16 19 20 22 24 28 33 43 49 57 59 64 69 73 74 75 76 101 112 123 129 137 150 160 164 167 170 178 180 183 186 190 193 194 196 197 199 201 205 209 211 214 221 223 224 238 239 241
326
784 787 789 791 813 814 815 816 817 819 825 826 827 830 832 839 842 844 848 851 854 856 859 865 866 868 870 871 876 878 879 882 886 889 894 899 902 903 904 910 914 924 933 935 937 938 939 942 944 945 946 949 950 952 955 956 957 960 962 963 965 970 971 972 975 976 978 986 991 993 994 995 998 2 4 9 11 12 16 18 26 28 29 36 37 38 39 40 41 45 50 51 59 61 68 72 73 74 76 78 81 83 85 86 88 89 91 94 99 104 110 111 113 114 116 117 118 125 130 132 133 142 143 146 147 149 153 154 156 165 169 170 172 174 175 177 182 185 186 187 193 194 197 201 206 213 214 216 221 222 225 227 231 233 234 235 241 246 248 250 257 258 259 260 263 265 270 280 283 288 289 290 293 296 297 301 304 310 314 315 318 319 324 331 334 336 343 348 354 356 360 362 364 370 376 381 393 399 403 405 406 410 411 412 414 417 422 423 424 425 427 429 430 431 444 453 455 462 463 464 468 473 483 485 489 490 494 497 498 499 504 505 509 516 517 520 528 529 535 537 540 541 542 543 544 546 547 549 550 556 557 562 566 571 585 589 590 592 599 601 602 605 606 607 609 611 612 620 621 626 627 628 630 635 638 642 644 649 651 652 653 654 663 664 667 668 671 674 675 677 679 680 682 684 686 687 690 691 694 696 699 701 702 705 706 707 711 713 723 724 727 735 737 741 749 751 753 759 760 764 767 770 775 776 779 782
42
335 359 383 392 422 437 448 465 468 479 492 501 539 605 668 704 706 717 719 725 727 772 812 828 870 895 896 903 913 943 962 963 996 36 146 154 170 282 293 300 323 334
315
851 852 856 862 867 870 875 876 882 883 887 888 889 893 897 901 903 906 912 913 925 927 929 933 939 941 946 950 959 963 964 973 975 977 983 986 994 997 999 3 4 8 10 11 12 19 20 22 23 24 25 31 32 39 42 44 45 54 56 59 61 62 65 68 71 73 76 87 88 89 100 103 106 109 110 112 113 114 115 117 120 124 126 130 140 141 143 145 146 153 154 155 157 158 160 162 165 169 170 171 174 176 178 180 182 183 186 187 188 189 190 191 192 193 194 196 197 201 203 214 217 223 224 228 230 236 254 256 261 262 264 265 271 272 273 280 282 283 286 287 293 297 298 303 304 314 315 316 317 322 323 325 327 329 330 335 338 351 356 357 358 361 362 363 366 369 370 372 373 385 390 392 402 406 412 414 415 417 424 426 427 429 433 434 435 438 440 442 449 451 456 458 459 461 465 467 473 475 477 478 481 482 484 485 486 488 489 493 504 506 511 512 513 519 521 526 527 528 530 533 536 539 541 544 548 550 551 556 557 558 559 560 566 577 578 579 581 585 586 590 594 597 601 608 618 619 623 625 626 627 628 630 635 636 647 650 652 655 658 659 660 663 668 669 672 676 679 688 689 693 695 696 697 700 702 705 712 713 714 718 719 722 726 735 738 742 746 754 755 757 758 759 761 764 772 774 787 788 790 791 797 799 801 802 803 809 816 824 825 830 833 834 836 845 849 
229
717 718 720 721 724 733 742 744 752 755 759 769 770 775 776 778 786 793 799 800 812 814 815 827 834 837 839 845 847 852 858 861 865 866 868 878 881 887 891 893 894 898 903 907 912 913 917 918 919 921 924 940 941 943 944 946 948 950 951 955 957 969 977 980 983 984 985 991 992 994 998 1 2 6 9 15 17 20 22 28 33 34 48 50 57 63 70 73 75 86 89 90 92 94 98 103 105 107 109 113 119 123 126 129 130 131 133 138 144 149 150 157 158 167 169 174 175 188 190 191 202 205 216 219 220 228 232 238 239 245 246 249 253 254 259 263 268 270 272 278 281 287 290 291 294 297 300 305 311 315 329 336 346 352 357 364 369 378 383 389 398 407 411 412 422 425 427 436 445 455 460 464 466 469 483 485 486 488 489 490 491 494 496 498 500 504 509 511 512 515 530 538 545 550 551 554 556 579 585 587 589 592 601 613 614 625 626 629 642 648 652 653 670 671 673 676 678 683 684 685 694 696 699 706 707 708 709 710 711 
75
16 17 19 28 47 53 56 60 65 138 139 145 146 153 154 158 177 185 192 206 218 223 225 241 242 253 260 276 292 297 311 327 335 369 378 417 440 442 466 472 503 506 523 525 542 566 582 596 625 633 634 642 649 650 667 669 701 715 734 746 788 790 805 835 847 873 877 892 902 944 957 967 968 975 4 
42
18 31 47 124 165 178 183 227 228 302 304 335 367 385 399 420 424 446 494 497 533 549 558 576 577 644 663 699 703 721 742 757 761 768 773 801 810 827 897 929 981 997
165
411 414 419 422 423 431 440 447 452 458 468 484 485 486 507 513 515 520 524 530 538 539 542 548 549 557 574 575 589 592 596 597 601 603 610 617 618 624 625 627 630 637 640 645 649 656 659 663 669 674 703 705 712 724 725 729 730 735 742 746 754 757 758 759 763 768 778 779 789 799 806 808 814 830 834 837 841 843 845 860 869 891 894 901 910 925 930 931 932 936 939 942 943 945 946 947 955 967 978 987 990 1000 7 8 9 21 22 31 32 36 38 41 42 53 54 73 83 85 94 98 102 107 108 116 119 128 142 151 162 169 191 192 196 200 210 222 225 250 254 265 271 282 288 289 291 292 304 307 309 310 311 317 324 338 344 349 351 356 360 371 375 377 384 387 394 

