7
15
1 1 2 2 3 4 4 5 5 6 6 7 7 8 8
11
10 10 17 17 18 18 19 19 21 21 23
13
1 3 3 5 5 7 7 8 8 9 9 10 10
99
3 3 4 4 6 6 7 7 8 8 9 9 34 34 113 113 202 202 207 207 210 211 211 213 213 214 214 234 234 235 235 256 256 267 267 289 289 290 290 301 301 303 303 305 305 330 330 335 335 354 354 566 566 577 577 580 580 581 581 584 584 587 587 589 589 593 593 594 594 600 600 601 601 607 607 608 608 610 610 617 617 622 622 632 632 671 671 681 681 682 682 684 684 691 691 699 699 999 999
3
5 6 6
5
900 900 955 955 991
75
0 0 1 1 2 2 3 3 4 4 5 5 6 6 7 7 8 8 9 9 10 10 11 11 12 12 13 13 14 14 15 15 16 16 17 17 18 18 19 19 20 20 21 21 22 22 23 23 24 25 25 25 26 26 27 27 28 28 29 29 30 30 31 31 32 32 33 33 34 34 35 35 36 37 37 38 38